[-3,3,0]
-1,0,1,0|7b46b6,,,,||TestSceneB.tscn
[-2,3,0]
-1,0,-1,0|707a97,,,,||TestSceneB.tscn
[-1,3,0]
1,1,-1,1|707a97,,,,||TestSceneB.tscn
[-1,1,0]
1,-1,0,0|41f888,,,,||TestSceneBUp.tscn
[-1,2,0]
0,1,0,-1|707a97,,,,||TestSceneBUp.tscn
[-1,4,0]
0,-1,0,1|707a97,,,,||TestSceneBDown.tscn
[-1,5,0]
0,0,0,-1|2e76ff,,,,||TestSceneBDown.tscn
[0,3,0]
-1,0,1,0|707a97,,,,||DashHallway.tscn
[1,3,0]
-1,0,-1,0|707a97,,,,||DashHallway.tscn
[2,3,0]
0,0,-1,0|707a97,,,,||DashHallway.tscn
[3,3,0]
-1,0,1,-1|707a97,,,,||MainRoom01.tscn
[3,2,0]
-1,-1,0,0|707a97,,,,||MainRoom01.tscn
[4,2,0]
0,-1,-1,1|707a97,,,,||MainRoom01.tscn
[4,3,0]
1,1,-1,-1|707a97,,,,||MainRoom01.tscn
[3,0,0]
1,-1,0,0|707a97,,,,||
[3,1,0]
-1,0,1,-1|707a97,,,,||
[-4,3,0]
1,0,0,0|707a97,,,,||
[5,3,0]
-1,0,1,0|707a97,,,,||MainHallwayPart1.tscn
[5,-3,0]
0,-1,0,0|3f2e52,5c1aff,,5c1aff,5c1aff||
[5,-2,0]
0,-1,0,-1|3f2e52,5c1aff,,5c1aff,||
[5,-1,0]
0,0,0,-1|3f2e52,5c1aff,5c1aff,5c1aff,||
[5,0,0]
0,0,1,0|3f2e52,5c1aff,5c1aff,5c1aff,5c1aff||
[6,3,0]
0,1,-1,-1|707a97,,,,||MainHallwayPart1.tscn
[6,2,0]
-1,-1,0,0|707a97,,,,||MainHallwayPart1.tscn
[7,2,0]
0,0,-1,1|707a97,,,,||MainHallwayPart1.tscn
[7,1,0]
0,1,0,-1|707a97,,,,||
[7,0,0]
0,-1,0,0|707a97,,,,||
[8,0,0]
0,0,0,0|8e5700,,,,||
[9,-1,0]
-1,-1,0,0|ff2d2d,,,,||
[10,-1,0]
0,-1,-1,0|ff2d2d,,,,||
[9,0,0]
-1,0,0,-1|ff2d2d,,,,||
[10,0,0]
0,0,-1,-1|ff2d2d,,,,||
[6,4,0]
0,-1,0,1|707a97,,,,||MainHallwayToFirstKey.tscn
[6,5,0]
0,-1,0,-1|707a97,,,,||MainHallwayToFirstKey.tscn
[6,6,0]
1,0,0,-1|707a97,,,,||MainHallwayToFirstKey.tscn
[7,6,0]
0,0,1,0|feab29,,,,||
[0,1,0]
-1,0,1,0|707a97,,,,||
[1,1,0]
-1,0,-1,0|707a97,,,,||
[2,1,0]
1,0,-1,0|707a97,,,,||
[11,0,0]
0,0,0,0|2e76ff,,,,||
[12,-2,0]
0,-1,0,-1|3a6179,,,,||
[12,-3,0]
0,-1,0,0|3a6179,,,,||
[12,-1,0]
0,-1,0,-1|3a6179,,,,||
[12,0,0]
0,0,0,-1|3a6179,,,,||
[6,-3,0]
-1,0,0,0|41f888,,,5c1aff,||
[7,-3,0]
0,0,-1,0|3a6179,,,,||
[10,-3,0]
-1,0,0,0|3a6179,,,,||
[11,-3,0]
0,0,-1,0|3a6179,,,,||
[8,-3,0]
-1,0,0,0|3a6179,,,,||
[9,-3,0]
0,0,-1,0|3a6179,,,,||
[13,-3,0]
0,0,0,-1|3a6179,,,,||
[13,-5,0]
0,-1,0,0|3a6179,,,,||
[13,-4,0]
0,-1,0,-1|3a6179,,,,||
[12,-7,0]
-1,-1,0,0|3a6179,,,,||
[13,-7,0]
-1,-1,-1,0|3a6179,,,,||
[12,-6,0]
-1,0,0,-1|3a6179,,,,||
[13,-6,0]
-1,0,-1,-1|3a6179,,,,||
[14,-7,0]
0,-1,-1,0|3a6179,,,,||
[14,-6,0]
0,0,-1,-1|3a6179,,,,||
[13,-10,0]
0,-1,0,0|3a6179,,,,||
[13,-9,0]
0,-1,0,-1|3a6179,,,,||
[13,-8,0]
0,0,0,-1|3a6179,,,,||
[14,-11,0]
-1,0,0,0|3a6179,,,,||
[11,-6,0]
0,0,0,0|3a6179,,,,||
[15,-6,0]
0,0,0,0|3a6179,,,,||
[10,-7,0]
0,-1,0,0|3a6179,,,,||
[10,-6,0]
0,0,0,-1|3a6179,,,,||
[9,-8,0]
0,-1,0,0|3a6179,,,,||
[9,-7,0]
0,0,0,-1|3a6179,,,,||
[8,-8,0]
0,0,0,0|41f888,,,,||
[16,-6,0]
-1,-1,0,0|3a6179,,,,||
[17,-6,0]
0,-1,-1,0|3a6179,,,,||
[17,-5,0]
0,0,-1,-1|3a6179,,,,||
[16,-5,0]
-1,0,0,-1|3a6179,,,,||
[18,-5,0]
0,0,0,0|fe5129,,,,||
[12,1,0]
0,-1,0,0|3a6179,,,,||
[12,2,0]
0,-1,0,-1|3a6179,,,,||
[10,2,0]
-1,-1,0,0|3a6179,,,,||
[11,2,0]
0,-1,-1,0|3a6179,,,,||
[10,3,0]
-1,0,0,-1|3a6179,,,,||
[11,3,0]
0,0,-1,-1|3a6179,,,,||
[12,3,0]
0,-1,0,-1|3a6179,,,,||
[9,3,0]
0,0,0,0|41f888,,,,||
[12,4,0]
0,0,0,-1|3a6179,,,,||
[13,3,0]
-1,-1,0,0|3a6179,,,,||
[14,3,0]
0,-1,-1,0|3a6179,,,,||
[13,4,0]
-1,0,0,-1|3a6179,,,,||
[14,4,0]
0,0,-1,-1|3a6179,,,,||
[15,4,0]
0,0,0,0|a120b3,,,,||
[12,6,0]
0,-1,0,0|0c3046,,,,||
[12,7,0]
0,-1,0,-1|0c3046,,,,||
[12,8,0]
0,-1,0,-1|0c3046,,,,||
[12,9,0]
0,0,0,-1|0c3046,,,,||
[9,9,0]
-1,0,0,0|0c3046,,,,||
[10,9,0]
-1,0,-1,0|0c3046,,,,||
[11,9,0]
0,0,-1,0|0c3046,,,,||
[7,8,0]
-1,-1,-1,0|0c3046,,,,||
[8,8,0]
0,-1,-1,0|0c3046,,,,||
[7,9,0]
-1,0,-1,-1|0c3046,,,,||
[8,9,0]
0,0,-1,-1|0c3046,,,,||
[4,5,0]
0,-1,0,1|3f2e52,5c1aff,,5c1aff,5c1aff||
[4,6,0]
0,-1,0,-1|3f2e52,5c1aff,,5c1aff,||
[4,7,0]
0,-1,0,-1|3f2e52,5c1aff,,5c1aff,||
[4,8,0]
0,0,0,-1|3f2e52,5c1aff,5c1aff,5c1aff,||
[6,9,0]
-1,0,0,-1|0c3046,,,,||
[6,8,0]
-1,-1,0,0|0c3046,,,,||
[5,9,0]
0,0,0,0|2e76ff,,,,||
[13,-11,0]
0,0,0,0|851900,,,,||
[17,-12,0]
0,-1,-1,0|ff2d2d,,,,||
[16,-12,0]
-1,-1,0,0|ff2d2d,,,,||
[17,-11,0]
-1,0,-1,-1|ff2d2d,,,,||
[15,-11,0]
0,0,-1,0|3a6179,,,,||
[16,-11,0]
-1,0,0,-1|ff2d2d,,,,||
[12,5,0]
0,0,0,0|5e056b,,,,||
[4,0,0]
1,0,1,0|707a97,5c1aff,,,||
[4,4,0]
0,0,0,1|707a97,,5c1aff,,||
[4,9,0]
0,0,0,0|3f2e52,5c1aff,5c1aff,5c1aff,5c1aff||
[18,-11,0]
0,0,0,0|ffffff,,,,||
[4,1,0]
0,1,-1,0|707a97,,,,||
[17,-4,0]
0,0,0,0|||
